iter      cost      cost_change  |gradient|   |step|    tr_ratio  tr_radius  ls_iter  iter_time  total_time
   0  2.165591e+03    0.00e+00    9.74e+04   0.00e+00   0.00e+00  1.00e+04        0    1.06e-02    3.88e-02
   1  1.662120e+03    5.03e+02    8.48e+04   5.12e+00   1.00e+00  3.00e+04        1    2.45e-02    6.34e-02
   2  1.621395e+03    4.07e+01    6.10e+04   1.16e+01   1.00e+00  9.00e+04        1    1.60e-02    7.95e-02
   3  1.562109e+03    5.93e+01    3.27e+05   3.05e+01   8.89e-01  1.70e+05        1    1.53e-02    9.48e-02
   4  1.485701e+03    7.64e+01    3.16e+05   4.80e+01   9.38e-01  5.11e+05        1    1.49e-02    1.10e-01
   5  2.711521e+03   -1.23e+03    3.16e+05   1.06e+02  -1.12e+01  2.56e+05        1    7.50e-03    1.17e-01
   6  1.455161e+03    3.05e+01    6.75e+05   5.88e+01   4.42e-01  2.55e+05        1    1.58e-02    1.33e-01
   7  1.491335e+03   -3.62e+01    6.75e+05   5.05e+01  -4.32e-01  1.28e+05        1    6.44e-03    1.40e-01
   8  1.396892e+03    5.83e+01    2.81e+05   2.68e+01   9.14e-01  2.94e+05        1    1.35e-02    1.53e-01
   9  1.619699e+03   -2.23e+02    2.81e+05   5.39e+01  -4.41e+00  1.47e+05        1    7.14e-03    1.60e-01
  10  1.382877e+03    1.40e+01    4.96e+05   2.85e+01   4.69e-01  1.47e+05        1    1.42e-02    1.75e-01
  11  1.364639e+03    1.82e+01    5.73e+05   2.67e+01   4.78e-01  1.47e+05        1    1.48e-02    1.89e-01
  12  1.345842e+03    1.88e+01    6.20e+05   2.54e+01   4.58e-01  1.47e+05        1    1.37e-02    2.03e-01
  13  1.326454e+03    1.94e+01    6.45e+05   2.44e+01   4.57e-01  1.47e+05        1    1.65e-02    2.20e-01
  14  1.306781e+03    1.97e+01    6.54e+05   2.35e+01   4.62e-01  1.47e+05        1    1.76e-02    2.37e-01
  15  1.287143e+03    1.96e+01    6.52e+05   2.27e+01   4.72e-01  1.47e+05        1    1.56e-02    2.53e-01
  16  1.267798e+03    1.93e+01    6.41e+05   2.21e+01   4.84e-01  1.47e+05        1    1.43e-02    2.67e-01
  17  1.248944e+03    1.89e+01    6.25e+05   2.14e+01   4.98e-01  1.47e+05        1    1.44e-02    2.82e-01
  18  1.230735e+03    1.82e+01    6.03e+05   2.08e+01   5.13e-01  1.47e+05        1    1.49e-02    2.97e-01
  19  1.213293e+03    1.74e+01    5.79e+05   2.01e+01   5.30e-01  1.47e+05        1    1.46e-02    3.11e-01
  20  1.196717e+03    1.66e+01    5.51e+05   1.95e+01   5.48e-01  1.47e+05        1    1.62e-02    3.28e-01
  21  1.181079e+03    1.56e+01    5.23e+05   1.88e+01   5.66e-01  1.47e+05        1    1.44e-02    3.42e-01
  22  1.166424e+03    1.47e+01    4.94e+05   1.82e+01   5.83e-01  1.48e+05        1    1.41e-02    3.56e-01
  23  1.152764e+03    1.37e+01    4.66e+05   1.76e+01   6.00e-01  1.49e+05        1    1.41e-02    3.70e-01
  24  1.140078e+03    1.27e+01    4.40e+05   1.70e+01   6.15e-01  1.51e+05        1    1.79e-02    3.88e-01
  25  1.128321e+03    1.18e+01    4.16e+05   1.65e+01   6.28e-01  1.53e+05        1    1.40e-02    4.02e-01
  26  1.117435e+03    1.09e+01    3.95e+05   1.60e+01   6.40e-01  1.57e+05        1    1.45e-02    4.17e-01
  27  1.107359e+03    1.01e+01    3.75e+05   1.56e+01   6.50e-01  1.61e+05        1    1.62e-02    4.33e-01
  28  1.098038e+03    9.32e+00    3.58e+05   1.52e+01   6.58e-01  1.66e+05        1    1.54e-02    4.49e-01
  29  1.089426e+03    8.61e+00    3.41e+05   1.48e+01   6.66e-01  1.73e+05        1    1.78e-02    4.67e-01
  30  1.081488e+03    7.94e+00    3.26e+05   1.44e+01   6.73e-01  1.80e+05        1    1.48e-02    4.81e-01
  31  1.074198e+03    7.29e+00    3.10e+05   1.41e+01   6.79e-01  1.89e+05        1    1.49e-02    4.96e-01
  32  1.067538e+03    6.66e+00    2.95e+05   1.37e+01   6.85e-01  1.99e+05        1    1.56e-02    5.12e-01
  33  1.061491e+03    6.05e+00    2.80e+05   1.33e+01   6.91e-01  2.10e+05        1    1.61e-02    5.28e-01
  34  1.056045e+03    5.45e+00    2.64e+05   1.30e+01   6.97e-01  2.24e+05        1    1.45e-02    5.43e-01
  35  1.051187e+03    4.86e+00    2.47e+05   1.25e+01   7.03e-01  2.40e+05        1    1.59e-02    5.59e-01
  36  1.046902e+03    4.28e+00    2.30e+05   1.21e+01   7.10e-01  2.59e+05        1    1.47e-02    5.73e-01
  37  1.043173e+03    3.73e+00    2.13e+05   1.16e+01   7.17e-01  2.82e+05        1    1.38e-02    5.87e-01
  38  1.039978e+03    3.20e+00    1.95e+05   1.11e+01   7.24e-01  3.10e+05        1    1.78e-02    6.05e-01
  39  1.037291e+03    2.69e+00    1.76e+05   1.06e+01   7.33e-01  3.45e+05        1    2.30e-02    6.28e-01
  40  1.035081e+03    2.21e+00    1.57e+05   9.99e+00   7.42e-01  3.89e+05        1    1.57e-02    6.44e-01
  41  1.033313e+03    1.77e+00    1.38e+05   9.35e+00   7.52e-01  4.46e+05        1    1.56e-02    6.60e-01
  42  1.031946e+03    1.37e+00    1.18e+05   8.65e+00   7.65e-01  5.24e+05        1    2.24e-02    6.82e-01
  43  1.030931e+03    1.01e+00    9.81e+04   7.89e+00   7.79e-01  6.35e+05        1    2.22e-02    7.04e-01
  44  1.030221e+03    7.11e-01    7.86e+04   7.06e+00   7.97e-01  8.02e+05        1    1.58e-02    7.20e-01
  45  1.029759e+03    4.62e-01    5.97e+04   6.15e+00   8.19e-01  1.08e+06        1    1.57e-02    7.36e-01
  46  1.029491e+03    2.68e-01    4.17e+04   5.14e+00   8.48e-01  1.63e+06        1    1.56e-02    7.52e-01
  47  1.029359e+03    1.32e-01    2.55e+04   4.00e+00   8.87e-01  3.03e+06        1    1.42e-02    7.66e-01
  48  1.029311e+03    4.80e-02    1.21e+04   2.74e+00   9.41e-01  9.10e+06        1    1.42e-02    7.80e-01
  49  1.029301e+03    9.88e-03    3.17e+03   1.38e+00   1.01e+00  2.73e+07        1    1.42e-02    7.94e-01
  50  1.029301e+03    6.23e-04    2.04e+02   3.23e-01   1.05e+00  8.19e+07        1    1.52e-02    8.10e-01
  51  1.029301e+03    1.14e-05    5.39e+00   4.87e-02   1.13e+00  2.46e+08        1    1.54e-02    8.25e-01
  52  1.029301e+03    2.93e-07    1.93e-01   7.16e-03   1.16e+00  7.37e+08        1    1.41e-02    8.39e-01
  53  1.029301e+03    8.03e-09    1.30e-02   1.13e-03   1.16e+00  2.21e+09        1    1.42e-02    8.53e-01
iter      cost      cost_change  |gradient|   |step|    tr_ratio  tr_radius  ls_iter  iter_time  total_time
   0  7.038213e+03    0.00e+00    3.97e+03   0.00e+00   0.00e+00  1.00e+04        0    2.52e-02    6.33e-02
   1  7.029979e+03    8.23e+00    7.86e+01   1.15e+00   1.00e+00  3.00e+04        1    5.17e-02    1.15e-01
   2  7.029969e+03    9.33e-03    2.72e+00   6.63e-02   1.00e+00  9.00e+04        1    4.19e-02    1.57e-01
   3  7.029969e+03    3.30e-04    3.36e+00   8.51e-02   1.01e+00  2.70e+05        1    3.74e-02    1.94e-01
   4  7.029969e+03    5.03e-04    1.66e+01   1.93e-01   1.04e+00  8.10e+05        1    3.79e-02    2.32e-01
   5  7.029968e+03    4.46e-04    3.15e+01   2.85e-01   1.08e+00  2.43e+06        1    4.31e-02    2.76e-01
   6  7.029968e+03    1.64e-04    1.71e+01   2.20e-01   1.15e+00  7.29e+06        1    5.86e-02    3.34e-01
   7  7.029968e+03    2.48e-05    2.44e+00   9.34e-02   1.20e+00  2.19e+07        1    4.48e-02    3.79e-01
   8  7.029968e+03    2.17e-06    1.95e+00   2.78e-02   1.23e+00  6.56e+07        1    4.25e-02    4.22e-01
   9  7.029968e+03    1.50e-07    6.33e-01   7.23e-03   1.24e+00  1.97e+08        1    4.03e-02    4.62e-01
  10  7.029968e+03    9.28e-09    1.73e-01   1.81e-03   1.22e+00  5.90e+08        1    5.26e-02    5.15e-01
  11  7.029968e+03    6.78e-10    4.30e-02   4.47e-04   1.50e+00  1.77e+09        1    4.66e-02    5.61e-01
iter      cost      cost_change  |gradient|   |step|    tr_ratio  tr_radius  ls_iter  iter_time  total_time
   0  1.637904e+04    0.00e+00    9.61e+03   0.00e+00   0.00e+00  1.00e+04        0    3.64e-02    8.88e-02
   1  1.634528e+04    3.38e+01    1.11e+02   2.05e+00   1.00e+00  3.00e+04        1    7.98e-02    1.69e-01
   2  1.634514e+04    1.39e-01    2.39e+02   9.79e-01   1.00e+00  9.00e+04        1    6.11e-02    2.30e-01
   3  1.634501e+04    1.35e-01    1.59e+03   2.17e+00   1.02e+00  2.70e+05        1    5.77e-02    2.88e-01
   4  1.634484e+04    1.61e-01    5.06e+03   3.49e+00   1.05e+00  8.10e+05        1    6.71e-02    3.55e-01
   5  1.634476e+04    8.26e-02    4.89e+03   3.25e+00   1.09e+00  2.43e+06        1    5.70e-02    4.12e-01
   6  1.634475e+04    1.58e-02    1.21e+03   1.58e+00   1.14e+00  7.29e+06        1    6.27e-02    4.75e-01
   7  1.634474e+04    1.26e-03    9.95e+01   4.59e-01   1.17e+00  2.19e+07        1    6.63e-02    5.41e-01
   8  1.634474e+04    6.47e-05    3.40e+00   1.04e-01   1.20e+00  6.56e+07        1    6.21e-02    6.03e-01
   9  1.634474e+04    2.89e-06    1.98e+00   2.16e-02   1.20e+00  1.97e+08        1    5.71e-02    6.60e-01
  10  1.634474e+04    1.23e-07    6.32e-01   4.41e-03   1.20e+00  5.90e+08        1    5.92e-02    7.20e-01
  11  1.634474e+04    4.72e-09    1.43e-01   8.97e-04   1.12e+00  1.77e+09        1    6.52e-02    7.85e-01
  12  1.634474e+04    4.91e-10    2.91e-02   1.82e-04   2.65e+00  5.31e+09        1    7.21e-02    8.57e-01
iter      cost      cost_change  |gradient|   |step|    tr_ratio  tr_radius  ls_iter  iter_time  total_time
   0  2.179060e+04    0.00e+00    3.01e+03   0.00e+00   0.00e+00  1.00e+04        0    5.65e-02    2.18e-01
   1  2.172610e+04    6.45e+01    3.20e+02   8.20e-01   1.00e+00  3.00e+04        1    1.32e-01    3.51e-01
   2  2.172604e+04    5.91e-02    8.17e+01   5.62e-01   1.01e+00  9.00e+04        1    8.17e-02    4.33e-01
   3  2.172601e+04    3.69e-02    9.66e+01   7.37e-01   1.01e+00  2.70e+05        1    8.27e-02    5.15e-01
   4  2.172600e+04    8.97e-03    7.21e+01   4.30e-01   1.02e+00  8.10e+05        1    8.12e-02    5.97e-01
   5  2.172600e+04    5.75e-04    1.93e+01   1.11e-01   1.05e+00  2.43e+06        1    8.41e-02    6.81e-01
   6  2.172600e+04    2.30e-05    2.61e+00   4.25e-02   1.12e+00  7.29e+06        1    8.06e-02    7.62e-01
   7  2.172600e+04    9.30e-07    1.02e+00   1.06e-02   1.14e+00  2.19e+07        1    8.13e-02    8.43e-01
   8  2.172600e+04    2.75e-08    2.56e-01   1.82e-03   1.14e+00  6.56e+07        1    7.79e-02    9.21e-01
   9  2.172600e+04    8.51e-10    4.12e-02   2.85e-04   1.46e+00  1.97e+08        1    8.18e-02    1.00e+00
iter      cost      cost_change  |gradient|   |step|    tr_ratio  tr_radius  ls_iter  iter_time  total_time
   0  3.094065e+04    0.00e+00    7.23e+04   0.00e+00   0.00e+00  1.00e+04        0    3.49e-02    1.62e-01
   1  3.062931e+04    3.11e+02    1.02e+03   6.51e+00   1.00e+00  3.00e+04        1    1.20e-01    2.82e-01
   2  3.062493e+04    4.38e+00    1.32e+03   5.82e+00   1.01e+00  9.00e+04        1    7.54e-02    3.57e-01
   3  3.062361e+04    1.31e+00    1.36e+03   3.65e+00   1.01e+00  2.70e+05        1    7.44e-02    4.32e-01
   4  3.062348e+04    1.31e-01    1.71e+03   1.29e+00   1.02e+00  8.10e+05        1    7.50e-02    5.07e-01
   5  3.062347e+04    9.14e-03    3.28e+02   6.70e-01   1.04e+00  2.43e+06        1    7.35e-02    5.80e-01
   6  3.062347e+04    3.16e-04    1.71e+01   1.50e-01   1.06e+00  7.29e+06        1    7.34e-02    6.54e-01
   7  3.062347e+04    4.45e-06    1.63e+00   1.71e-02   1.08e+00  2.19e+07        1    7.27e-02    7.27e-01
   8  3.062347e+04    4.24e-08    2.97e-01   1.54e-03   1.08e+00  6.56e+07        1    7.25e-02    7.99e-01
   9  3.062347e+04    2.36e-10    2.74e-02   1.36e-04   7.92e-01  8.19e+07        1    7.68e-02    8.76e-01
iter      cost      cost_change  |gradient|   |step|    tr_ratio  tr_radius  ls_iter  iter_time  total_time
   0  3.074439e+04    0.00e+00    2.51e+04   0.00e+00   0.00e+00  1.00e+04        0    4.19e-02    1.58e-01
   1  3.068326e+04    6.11e+01    3.14e+02   1.50e+00   1.00e+00  3.00e+04        1    1.11e-01    2.69e-01
   2  3.068307e+04    1.93e-01    2.12e+02   1.16e+00   1.01e+00  9.00e+04        1    7.93e-02    3.48e-01
   3  3.068302e+04    4.84e-02    1.05e+02   8.85e-01   1.01e+00  2.70e+05        1    7.82e-02    4.27e-01
   4  3.068301e+04    3.52e-03    1.01e+01   3.37e-01   1.01e+00  8.10e+05        1    7.61e-02    5.03e-01
   5  3.068301e+04    1.03e-04    1.99e+00   8.29e-02   1.03e+00  2.43e+06        1    7.52e-02    5.78e-01
   6  3.068301e+04    2.42e-06    1.93e+00   1.35e-02   1.06e+00  7.29e+06        1    7.31e-02    6.51e-01
   7  3.068301e+04    3.21e-08    2.57e-01   1.39e-03   1.09e+00  2.19e+07        1    7.48e-02    7.26e-01
   8  3.068301e+04    1.06e-10    2.52e-02   1.22e-04   3.28e-01  2.10e+07        1    7.49e-02    8.01e-01
iter      cost      cost_change  |gradient|   |step|    tr_ratio  tr_radius  ls_iter  iter_time  total_time
   0  3.707559e+04    0.00e+00    5.85e+04   0.00e+00   0.00e+00  1.00e+04        0    5.75e-02    1.95e-01
   1  3.678645e+04    2.89e+02    4.91e+04   1.12e+01   1.00e+00  3.00e+04        1    1.26e-01    3.22e-01
   2  3.676120e+04    2.53e+01    2.50e+04   1.50e+01   1.00e+00  9.00e+04        1    9.47e-02    4.16e-01
   3  3.675273e+04    8.46e+00    1.78e+04   1.31e+01   1.01e+00  2.70e+05        1    8.46e-02    5.01e-01
   4  3.675175e+04    9.84e-01    3.83e+03   6.60e+00   1.01e+00  8.10e+05        1    8.10e-02    5.82e-01
   5  3.675168e+04    6.57e-02    1.67e+03   2.13e+00   1.03e+00  2.43e+06        1    8.07e-02    6.63e-01
   6  3.675168e+04    1.97e-03    6.18e+01   3.71e-01   1.05e+00  7.29e+06        1    7.82e-02    7.41e-01
   7  3.675168e+04    2.06e-05    1.91e+00   3.57e-02   1.06e+00  2.19e+07        1    1.17e-01    8.59e-01
   8  3.675168e+04    1.36e-07    4.72e-01   2.64e-03   1.07e+00  6.56e+07        1    1.30e-01    9.88e-01
   9  3.675168e+04    5.97e-10    3.80e-02   1.88e-04   7.95e-01  8.26e+07        1    1.39e-01    1.13e+00
iter      cost      cost_change  |gradient|   |step|    tr_ratio  tr_radius  ls_iter  iter_time  total_time
   0  3.688398e+04    0.00e+00    1.40e+04   0.00e+00   0.00e+00  1.00e+04        0    4.28e-02    1.78e-01
   1  3.681131e+04    7.27e+01    1.63e+02   2.26e+00   1.00e+00  3.00e+04        1    1.19e-01    2.97e-01
   2  3.681107e+04    2.36e-01    2.31e+02   1.29e+00   1.00e+00  9.00e+04        1    8.34e-02    3.80e-01
   3  3.681099e+04    8.13e-02    3.04e+01   1.27e+00   1.01e+00  2.70e+05        1    8.60e-02    4.66e-01
   4  3.681097e+04    1.76e-02    2.15e+02   8.27e-01   1.02e+00  8.10e+05        1    8.69e-02    5.53e-01
   5  3.681097e+04    1.96e-03    5.11e+01   3.18e-01   1.03e+00  2.43e+06        1    8.10e-02    6.34e-01
   6  3.681097e+04    6.31e-05    1.99e+00   5.88e-02   1.05e+00  7.29e+06        1    8.19e-02    7.16e-01
   7  3.681097e+04    6.87e-07    1.09e+00   5.78e-03   1.06e+00  2.19e+07        1    7.58e-02    7.92e-01
   8  3.681097e+04    5.11e-09    9.28e-02   4.29e-04   1.19e+00  6.56e+07        1    7.65e-02    8.69e-01
iter      cost      cost_change  |gradient|   |step|    tr_ratio  tr_radius  ls_iter  iter_time  total_time
   0  4.329053e+04    0.00e+00    1.80e+05   0.00e+00   0.00e+00  1.00e+04        0    5.11e-02    2.38e-01
   1  4.308989e+04    2.01e+02    1.10e+03   5.29e+00   1.00e+00  3.00e+04        1    1.34e-01    3.72e-01
   2  4.307996e+04    9.93e+00    3.94e+04   8.12e+00   1.00e+00  9.00e+04        1    9.19e-02    4.64e-01
   3  4.306919e+04    1.08e+01    1.21e+05   1.31e+01   9.89e-01  2.70e+05        1    8.98e-02    5.54e-01
   4  4.306444e+04    4.75e+00    9.70e+04   1.15e+01   9.90e-01  8.10e+05        1    9.10e-02    6.45e-01
   5  4.306375e+04    6.87e-01    1.55e+04   4.51e+00   1.02e+00  2.43e+06        1    9.66e-02    7.42e-01
   6  4.306373e+04    1.88e-02    5.24e+02   7.80e-01   1.04e+00  7.29e+06        1    9.00e-02    8.32e-01
   7  4.306373e+04    1.57e-04    8.98e+00   7.48e-02   1.07e+00  2.19e+07        1    9.21e-02    9.24e-01
   8  4.306373e+04    1.06e-06    9.72e-01   5.72e-03   1.07e+00  6.56e+07        1    9.21e-02    1.02e+00
   9  4.306373e+04    6.52e-09    9.68e-02   4.25e-04   1.10e+00  1.97e+08        1    1.00e-01    1.12e+00
iter      cost      cost_change  |gradient|   |step|    tr_ratio  tr_radius  ls_iter  iter_time  total_time
   0  4.310728e+04    0.00e+00    1.45e+03   0.00e+00   0.00e+00  1.00e+04        0    4.81e-02    2.17e-01
   1  4.306252e+04    4.48e+01    1.44e+02   8.76e-01   1.00e+00  3.00e+04        1    1.38e-01    3.55e-01
   2  4.306250e+04    2.40e-02    9.86e+01   2.61e-01   1.00e+00  9.00e+04        1    9.83e-02    4.54e-01
   3  4.306247e+04    2.11e-02    2.75e+02   4.36e-01   1.01e+00  2.70e+05        1    9.04e-02    5.44e-01
   4  4.306247e+04    8.97e-03    2.14e+02   4.02e-01   1.03e+00  8.10e+05        1    8.79e-02    6.32e-01
   5  4.306246e+04    1.02e-03    3.92e+01   1.60e-01   1.04e+00  2.43e+06        1    8.73e-02    7.19e-01
   6  4.306246e+04    2.85e-05    2.64e+00   2.79e-02   1.06e+00  7.29e+06        1    8.20e-02    8.01e-01
   7  4.306246e+04    2.98e-07    5.85e-01   2.68e-03   1.07e+00  2.19e+07        1    8.69e-02    8.88e-01
   8  4.306246e+04    2.15e-09    5.42e-02   2.05e-04   1.11e+00  6.56e+07        1    1.05e-01    9.94e-01
iter      cost      cost_change  |gradient|   |step|    tr_ratio  tr_radius  ls_iter  iter_time  total_time
   0  5.087304e+04    0.00e+00    1.55e+05   0.00e+00   0.00e+00  1.00e+04        0    6.63e-02    2.27e-01
   1  5.039274e+04    4.80e+02    6.69e+03   8.49e+00   9.99e-01  3.00e+04        1    1.63e-01    3.90e-01
   2  5.031616e+04    7.66e+01    2.59e+05   1.21e+01   9.88e-01  9.00e+04        1    1.03e-01    4.93e-01
   3  5.026311e+04    5.31e+01    6.74e+05   2.06e+01   8.83e-01  1.63e+05        1    1.38e-01    6.32e-01
   4  5.023539e+04    2.77e+01    3.68e+05   1.69e+01   9.37e-01  4.90e+05        1    1.80e-01    8.12e-01
   5  5.022837e+04    7.03e+00    1.32e+05   1.05e+01   9.82e-01  1.47e+06        1    1.62e-01    9.74e-01
   6  5.022779e+04    5.79e-01    9.43e+03   2.76e+00   1.02e+00  4.41e+06        1    1.59e-01    1.13e+00
   7  5.022778e+04    6.12e-03    1.81e+02   3.49e-01   1.05e+00  1.32e+07        1    1.57e-01    1.29e+00
   8  5.022778e+04    4.02e-05    3.42e+00   2.96e-02   1.07e+00  3.97e+07        1    1.12e-01    1.40e+00
   9  5.022778e+04    2.68e-07    5.75e-01   2.29e-03   1.08e+00  1.19e+08        1    1.59e-01    1.56e+00
  10  5.022778e+04    1.67e-09    4.93e-02   1.76e-04   1.15e+00  3.57e+08        1    1.52e-01    1.71e+00
iter      cost      cost_change  |gradient|   |step|    tr_ratio  tr_radius  ls_iter  iter_time  total_time
   0  5.046746e+04    0.00e+00    3.98e+04   0.00e+00   0.00e+00  1.00e+04        0    6.69e-02    2.47e-01
   1  5.028730e+04    1.80e+02    2.29e+02   2.91e+00   1.00e+00  3.00e+04        1    1.55e-01    4.03e-01
   2  5.028681e+04    4.89e-01    1.85e+03   9.26e-01   1.01e+00  9.00e+04        1    1.08e-01    5.11e-01
   3  5.028643e+04    3.83e-01    4.50e+03   1.60e+00   1.02e+00  2.70e+05        1    9.38e-02    6.05e-01
   4  5.028627e+04    1.61e-01    3.54e+03   1.60e+00   1.03e+00  8.10e+05        1    1.05e-01    7.10e-01
   5  5.028625e+04    1.98e-02    6.28e+02   6.79e-01   1.04e+00  2.43e+06        1    9.17e-02    8.01e-01
   6  5.028625e+04    6.03e-04    2.84e+01   1.24e-01   1.06e+00  7.29e+06        1    9.37e-02    8.95e-01
   7  5.028625e+04    6.76e-06    1.58e+00   1.25e-02   1.07e+00  2.19e+07        1    9.17e-02    9.87e-01
   8  5.028625e+04    5.01e-08    2.66e-01   9.91e-04   1.08e+00  6.56e+07        1    9.10e-02    1.08e+00
   9  5.028625e+04    1.16e-10    2.14e-02   7.62e-05   4.41e-01  6.55e+07        1    8.91e-02    1.17e+00
iter      cost      cost_change  |gradient|   |step|    tr_ratio  tr_radius  ls_iter  iter_time  total_time
   0  5.679763e+04    0.00e+00    2.93e+04   0.00e+00   0.00e+00  1.00e+04        0    7.73e-02    2.67e-01
   1  5.654327e+04    2.54e+02    2.11e+04   4.17e+00   1.00e+00  3.00e+04        1    1.75e-01    4.42e-01
   2  5.652064e+04    2.26e+01    1.10e+05   7.92e+00   9.98e-01  9.00e+04        1    1.18e-01    5.60e-01
   3  5.649811e+04    2.25e+01    2.54e+05   1.36e+01   9.69e-01  2.70e+05        1    1.55e-01    7.15e-01
   4  5.648836e+04    9.75e+00    1.78e+05   1.20e+01   9.72e-01  8.10e+05        1    1.19e-01    8.34e-01
   5  5.648689e+04    1.47e+00    2.58e+04   4.51e+00   1.02e+00  2.43e+06        1    1.77e-01    1.01e+00
   6  5.648685e+04    3.56e-02    8.03e+02   7.49e-01   1.04e+00  7.29e+06        1    1.84e-01    1.20e+00
   7  5.648685e+04    2.58e-04    1.29e+01   6.98e-02   1.07e+00  2.19e+07        1    1.37e-01    1.33e+00
   8  5.648685e+04    1.69e-06    1.13e+00   5.28e-03   1.07e+00  6.56e+07        1    1.85e-01    1.52e+00
   9  5.648685e+04    1.00e-08    1.09e-01   3.91e-04   1.06e+00  1.97e+08        1    1.06e-01    1.62e+00
iter      cost      cost_change  |gradient|   |step|    tr_ratio  tr_radius  ls_iter  iter_time  total_time
   0  5.658596e+04    0.00e+00    3.27e+04   0.00e+00   0.00e+00  1.00e+04        0    6.22e-02    2.90e-01
   1  5.649761e+04    8.83e+01    9.07e+00   7.66e-01   1.00e+00  3.00e+04        1    1.72e-01    4.62e-01
   2  5.649749e+04    1.23e-01    6.19e+02   4.78e-01   1.01e+00  9.00e+04        1    1.61e-01    6.23e-01
   3  5.649737e+04    1.19e-01    1.37e+03   8.10e-01   1.02e+00  2.70e+05        1    1.12e-01    7.34e-01
   4  5.649732e+04    4.74e-02    9.78e+02   7.14e-01   1.03e+00  8.10e+05        1    1.60e-01    8.94e-01
   5  5.649732e+04    4.96e-03    1.55e+02   2.72e-01   1.04e+00  2.43e+06        1    1.04e-01    9.98e-01
   6  5.649732e+04    1.29e-04    7.85e+00   4.53e-02   1.06e+00  7.29e+06        1    1.52e-01    1.15e+00
   7  5.649732e+04    1.29e-06    9.82e-01   4.23e-03   1.07e+00  2.19e+07        1    1.47e-01    1.30e+00
iter      cost      cost_change  |gradient|   |step|    tr_ratio  tr_radius  ls_iter  iter_time  total_time
   0  6.237713e+04    0.00e+00    1.13e+05   0.00e+00   0.00e+00  1.00e+04        0    8.68e-02    3.42e-01
   1  6.201984e+04    3.57e+02    1.26e+04   3.44e+00   1.00e+00  3.00e+04        1    1.97e-01    5.38e-01
   2  6.201676e+04    3.08e+00    1.04e+04   1.87e+00   1.01e+00  9.00e+04        1    1.25e-01    6.63e-01
   3  6.201510e+04    1.66e+00    1.71e+04   2.54e+00   1.02e+00  2.70e+05        1    1.22e-01    7.85e-01
   4  6.201455e+04    5.52e-01    1.06e+04   2.30e+00   1.03e+00  8.10e+05        1    1.17e-01    9.02e-01
   5  6.201449e+04    5.68e-02    1.48e+03   8.77e-01   1.04e+00  2.43e+06        1    1.25e-01    1.03e+00
   6  6.201449e+04    1.42e-03    5.30e+01   1.44e-01   1.05e+00  7.29e+06        1    1.12e-01    1.14e+00
   7  6.201449e+04    1.33e-05    1.96e+00   1.32e-02   1.07e+00  2.19e+07        1    1.47e-01    1.29e+00
   8  6.201449e+04    8.63e-08    3.03e-01   9.80e-04   1.08e+00  6.56e+07        1    1.72e-01    1.46e+00
iter      cost      cost_change  |gradient|   |step|    tr_ratio  tr_radius  ls_iter  iter_time  total_time
   0  6.219163e+04    0.00e+00    1.04e+04   0.00e+00   0.00e+00  1.00e+04        0    8.50e-02    3.16e-01
   1  6.208921e+04    1.02e+02    6.61e+02   1.09e+00   1.00e+00  3.00e+04        1    1.81e-01    4.97e-01
   2  6.208911e+04    1.07e-01    2.69e+02   3.47e-01   1.01e+00  9.00e+04        1    1.23e-01    6.20e-01
   3  6.208907e+04    3.39e-02    3.24e+02   3.14e-01   1.02e+00  2.70e+05        1    1.19e-01    7.40e-01
   4  6.208907e+04    8.45e-03    1.86e+02   2.76e-01   1.03e+00  8.10e+05        1    1.11e-01    8.51e-01
   5  6.208906e+04    8.17e-04    3.05e+01   1.07e-01   1.04e+00  2.43e+06        1    1.15e-01    9.66e-01
   6  6.208906e+04    2.05e-05    2.22e+00   1.77e-02   1.06e+00  7.29e+06        1    1.08e-01    1.07e+00
   7  6.208906e+04    1.97e-07    4.45e-01   1.63e-03   1.07e+00  2.19e+07        1    1.27e-01    1.20e+00
iter      cost      cost_change  |gradient|   |step|    tr_ratio  tr_radius  ls_iter  iter_time  total_time
   0  7.521336e+04    0.00e+00    1.68e+04   0.00e+00   0.00e+00  1.00e+04        0    8.35e-02    3.57e-01
   1  7.460053e+04    6.13e+02    3.13e+04   3.59e+00   1.00e+00  3.00e+04        1    2.06e-01    5.63e-01
   2  7.459380e+04    6.73e+00    2.92e+04   3.81e+00   1.01e+00  9.00e+04        1    1.32e-01    6.95e-01
   3  7.458713e+04    6.67e+00    6.36e+04   6.00e+00   1.01e+00  2.70e+05        1    1.29e-01    8.25e-01
   4  7.458459e+04    2.54e+00    4.27e+04   4.92e+00   1.02e+00  8.10e+05        1    1.23e-01    9.47e-01
   5  7.458432e+04    2.72e-01    5.81e+03   1.77e+00   1.04e+00  2.43e+06        1    1.87e-01    1.13e+00
   6  7.458431e+04    6.66e-03    1.92e+02   2.87e-01   1.06e+00  7.29e+06        1    1.66e-01    1.30e+00
   7  7.458431e+04    6.45e-05    5.02e+00   2.74e-02   1.07e+00  2.19e+07        1    1.60e-01    1.46e+00
   8  7.458431e+04    4.69e-07    6.05e-01   2.18e-03   1.08e+00  6.56e+07        1    2.22e-01    1.68e+00
iter      cost      cost_change  |gradient|   |step|    tr_ratio  tr_radius  ls_iter  iter_time  total_time
   0  7.463852e+04    0.00e+00    2.70e+04   0.00e+00   0.00e+00  1.00e+04        0    8.09e-02    3.77e-01
   1  7.448459e+04    1.54e+02    3.70e+02   1.00e+00   1.00e+00  3.00e+04        1    2.29e-01    6.05e-01
   2  7.448449e+04    1.04e-01    5.08e+02   3.75e-01   1.01e+00  9.00e+04        1    1.37e-01    7.43e-01
   3  7.448439e+04    9.78e-02    1.03e+03   6.08e-01   1.02e+00  2.70e+05        1    1.33e-01    8.76e-01
   4  7.448435e+04    3.69e-02    6.90e+02   5.08e-01   1.03e+00  8.10e+05        1    1.31e-01    1.01e+00
   5  7.448435e+04    3.63e-03    1.07e+02   1.85e-01   1.05e+00  2.43e+06        1    1.97e-01    1.20e+00
   6  7.448435e+04    9.23e-05    6.34e+00   3.03e-02   1.06e+00  7.29e+06        1    2.00e-01    1.40e+00
   7  7.448435e+04    9.61e-07    7.76e-01   2.90e-03   1.07e+00  2.19e+07        1    1.86e-01    1.59e+00
iter      cost      cost_change  |gradient|   |step|    tr_ratio  tr_radius  ls_iter  iter_time  total_time
   0  8.592915e+04    0.00e+00    2.71e+05   0.00e+00   0.00e+00  1.00e+04        0    8.96e-02    3.93e-01
   1  8.519428e+04    7.35e+02    3.81e+04   3.25e+00   1.00e+00  3.00e+04        1    2.31e-01    6.24e-01
   2  8.518484e+04    9.44e+00    2.51e+04   2.78e+00   1.01e+00  9.00e+04        1    1.58e-01    7.83e-01
   3  8.518023e+04    4.62e+00    4.23e+04   3.38e+00   1.02e+00  2.70e+05        1    1.49e-01    9.31e-01
   4  8.517885e+04    1.38e+00    2.34e+04   2.84e+00   1.03e+00  8.10e+05        1    1.46e-01    1.08e+00
   5  8.517871e+04    1.37e-01    3.02e+03   1.05e+00   1.05e+00  2.43e+06        1    1.45e-01    1.22e+00
   6  8.517871e+04    3.45e-03    1.09e+02   1.74e-01   1.06e+00  7.29e+06        1    1.47e-01    1.37e+00
   7  8.517871e+04    3.66e-05    3.77e+00   1.72e-02   1.08e+00  2.19e+07        1    1.98e-01    1.57e+00
   8  8.517871e+04    2.86e-07    4.58e-01   1.42e-03   1.08e+00  6.56e+07        1    2.02e-01    1.77e+00
iter      cost      cost_change  |gradient|   |step|    tr_ratio  tr_radius  ls_iter  iter_time  total_time
   0  8.544194e+04    0.00e+00    2.31e+04   0.00e+00   0.00e+00  1.00e+04        0    8.36e-02    4.59e-01
   1  8.524944e+04    1.93e+02    1.30e+03   1.49e+00   1.00e+00  3.00e+04        1    2.17e-01    6.76e-01
   2  8.524921e+04    2.29e-01    6.75e+02   3.88e-01   1.01e+00  9.00e+04        1    1.44e-01    8.19e-01
   3  8.524911e+04    9.47e-02    9.82e+02   4.78e-01   1.03e+00  2.70e+05        1    1.59e-01    9.78e-01
   4  8.524908e+04    2.92e-02    5.57e+02   4.00e-01   1.04e+00  8.10e+05        1    1.55e-01    1.13e+00
   5  8.524908e+04    2.79e-03    8.44e+01   1.47e-01   1.05e+00  2.43e+06        1    1.78e-01    1.31e+00
   6  8.524908e+04    7.20e-05    5.69e+00   2.43e-02   1.07e+00  7.29e+06        1    1.88e-01    1.50e+00
   7  8.524908e+04    7.91e-07    6.80e-01   2.41e-03   1.08e+00  2.19e+07        1    1.54e-01    1.65e+00
iter      cost      cost_change  |gradient|   |step|    tr_ratio  tr_radius  ls_iter  iter_time  total_time
   0  9.725531e+04    0.00e+00    9.60e+04   0.00e+00   0.00e+00  1.00e+04        0    1.09e-01    4.81e-01
   1  9.632112e+04    9.34e+02    3.22e+04   5.33e+00   1.00e+00  3.00e+04        1    2.87e-01    7.68e-01
   2  9.629725e+04    2.39e+01    6.76e+04   5.47e+00   1.00e+00  9.00e+04        1    2.03e-01    9.72e-01
   3  9.627717e+04    2.01e+01    1.65e+05   7.88e+00   1.00e+00  2.70e+05        1    2.00e-01    1.17e+00
   4  9.627043e+04    6.74e+00    9.28e+04   5.83e+00   1.02e+00  8.10e+05        1    1.70e-01    1.34e+00
   5  9.626979e+04    6.41e-01    9.89e+03   1.89e+00   1.04e+00  2.43e+06        1    1.65e-01    1.51e+00
   6  9.626977e+04    1.32e-02    1.98e+02   2.84e-01   1.06e+00  7.29e+06        1    2.27e-01    1.73e+00
   7  9.626977e+04    1.24e-04    3.49e+00   2.69e-02   1.08e+00  2.19e+07        1    2.65e-01    2.00e+00
   8  9.626977e+04    9.67e-07    6.80e-01   2.23e-03   1.08e+00  6.56e+07        1    1.75e-01    2.17e+00
iter      cost      cost_change  |gradient|   |step|    tr_ratio  tr_radius  ls_iter  iter_time  total_time
   0  9.656222e+04    0.00e+00    1.14e+04   0.00e+00   0.00e+00  1.00e+04        0    1.06e-01    4.65e-01
   1  9.630390e+04    2.58e+02    1.43e+03   1.79e+00   1.00e+00  3.00e+04        1    3.08e-01    7.73e-01
   2  9.630361e+04    2.95e-01    3.37e+02   5.08e-01   1.00e+00  9.00e+04        1    1.80e-01    9.53e-01
   3  9.630346e+04    1.49e-01    1.00e+03   6.68e-01   1.02e+00  2.70e+05        1    1.70e-01    1.12e+00
   4  9.630341e+04    4.65e-02    5.70e+02   4.83e-01   1.03e+00  8.10e+05        1    2.65e-01    1.39e+00
   5  9.630341e+04    3.75e-03    4.31e+01   1.55e-01   1.05e+00  2.43e+06        1    1.62e-01    1.55e+00
   6  9.630341e+04    8.39e-05    3.00e+00   2.33e-02   1.07e+00  7.29e+06        1    2.39e-01    1.79e+00
   7  9.630341e+04    8.71e-07    6.39e-01   2.21e-03   1.08e+00  2.19e+07        1    2.38e-01    2.03e+00
iter      cost      cost_change  |gradient|   |step|    tr_ratio  tr_radius  ls_iter  iter_time  total_time
   0  1.112446e+05    0.00e+00    2.68e+04   0.00e+00   0.00e+00  1.00e+04        0    1.36e-01    5.66e-01
   1  1.102389e+05    1.01e+03    8.04e+04   4.48e+00   1.00e+00  3.00e+04        1    3.53e-01    9.19e-01
   2  1.101997e+05    3.92e+01    1.53e+05   5.43e+00   1.01e+00  9.00e+04        1    2.04e-01    1.12e+00
   3  1.101755e+05    2.42e+01    2.14e+05   7.23e+00   1.00e+00  2.70e+05        1    1.94e-01    1.32e+00
   4  1.101687e+05    6.76e+00    8.94e+04   5.14e+00   1.02e+00  8.10e+05        1    2.27e-01    1.54e+00
   5  1.101682e+05    5.27e-01    8.04e+03   1.55e+00   1.04e+00  2.43e+06        1    2.77e-01    1.82e+00
   6  1.101682e+05    8.74e-03    2.02e+02   2.13e-01   1.05e+00  7.29e+06        1    2.57e-01    2.08e+00
   7  1.101682e+05    6.68e-05    5.69e+00   1.79e-02   1.07e+00  2.19e+07        1    1.91e-01    2.27e+00
   8  1.101682e+05    4.12e-07    4.35e-01   1.31e-03   1.07e+00  6.56e+07        1    1.88e-01    2.46e+00
iter      cost      cost_change  |gradient|   |step|    tr_ratio  tr_radius  ls_iter  iter_time  total_time
   0  1.102440e+05    0.00e+00    1.09e+04   0.00e+00   0.00e+00  1.00e+04        0    1.17e-01    5.71e-01
   1  1.099601e+05    2.84e+02    1.69e+03   1.15e+00   1.00e+00  3.00e+04        1    3.03e-01    8.74e-01
   2  1.099597e+05    4.43e-01    1.80e+03   5.34e-01   1.01e+00  9.00e+04        1    1.85e-01    1.06e+00
   3  1.099594e+05    2.55e-01    2.41e+03   7.00e-01   1.02e+00  2.70e+05        1    2.09e-01    1.27e+00
   4  1.099594e+05    6.60e-02    1.04e+03   4.95e-01   1.03e+00  8.10e+05        1    2.05e-01    1.47e+00
   5  1.099594e+05    4.57e-03    1.14e+02   1.50e-01   1.05e+00  2.43e+06        1    2.06e-01    1.68e+00
   6  1.099594e+05    8.44e-05    6.48e+00   2.06e-02   1.06e+00  7.29e+06        1    1.96e-01    1.88e+00
   7  1.099594e+05    7.00e-07    5.41e-01   1.74e-03   1.07e+00  2.19e+07        1    1.92e-01    2.07e+00
iter      cost      cost_change  |gradient|   |step|    tr_ratio  tr_radius  ls_iter  iter_time  total_time
   0  1.099872e+05    0.00e+00    4.56e+03   0.00e+00   0.00e+00  1.00e+04        0    1.20e-01    5.87e-01
   1  1.099377e+05    4.95e+01    1.65e+02   2.80e-01   1.00e+00  3.00e+04        1    3.10e-01    8.97e-01
   2  1.099376e+05    1.82e-02    7.71e+01   1.03e-01   1.01e+00  9.00e+04        1    1.97e-01    1.09e+00
   3  1.099376e+05    5.18e-03    6.33e+01   8.25e-02   1.03e+00  2.70e+05        1    1.89e-01    1.28e+00
   4  1.099376e+05    8.87e-04    2.64e+01   5.32e-02   1.04e+00  8.10e+05        1    2.15e-01    1.50e+00
   5  1.099376e+05    5.78e-05    4.82e+00   1.65e-02   1.05e+00  2.43e+06        1    2.09e-01    1.71e+00
   6  1.099376e+05    1.08e-06    6.25e-01   2.31e-03   1.06e+00  7.29e+06        1    2.16e-01    1.92e+00
iter      cost      cost_change  |gradient|   |step|    tr_ratio  tr_radius  ls_iter  iter_time  total_time
   0  1.202058e+05    0.00e+00    6.59e+04   0.00e+00   0.00e+00  1.00e+04        0    1.29e-01    5.63e-01
   1  1.195779e+05    6.28e+02    7.68e+02   2.33e+00   1.00e+00  3.00e+04        1    3.34e-01    8.97e-01
   2  1.195776e+05    3.13e-01    3.32e+00   3.64e-01   1.00e+00  9.00e+04        1    2.12e-01    1.11e+00
   3  1.195776e+05    4.66e-02    1.06e+02   2.15e-01   1.02e+00  2.70e+05        1    2.34e-01    1.34e+00
   4  1.195776e+05    4.75e-03    2.26e+01   1.06e-01   1.04e+00  8.10e+05        1    2.98e-01    1.64e+00
   5  1.195776e+05    2.50e-04    4.50e+00   3.20e-02   1.05e+00  2.43e+06        1    2.58e-01    1.90e+00
   6  1.195776e+05    4.48e-06    1.14e+00   4.47e-03   1.06e+00  7.29e+06        1    2.19e-01    2.12e+00
   7  1.195776e+05    3.71e-08    1.22e-01   3.80e-04   1.08e+00  2.19e+07        1    2.13e-01    2.33e+00
iter      cost      cost_change  |gradient|   |step|    tr_ratio  tr_radius  ls_iter  iter_time  total_time
   0  1.196076e+05    0.00e+00    1.79e+03   0.00e+00   0.00e+00  1.00e+04        0    1.32e-01    5.77e-01
   1  1.195234e+05    8.42e+01    1.42e+02   9.82e-01   1.00e+00  3.00e+04        1    3.34e-01    9.10e-01
   2  1.195234e+05    3.67e-02    1.48e+02   1.28e-01   1.01e+00  9.00e+04        1    2.13e-01    1.12e+00
   3  1.195234e+05    1.27e-02    1.56e+02   1.54e-01   1.03e+00  2.70e+05        1    2.09e-01    1.33e+00
   4  1.195234e+05    2.93e-03    6.56e+01   1.07e-01   1.04e+00  8.10e+05        1    2.39e-01    1.57e+00
   5  1.195234e+05    1.89e-04    1.04e+01   3.13e-02   1.05e+00  2.43e+06        1    2.36e-01    1.81e+00
   6  1.195234e+05    3.34e-06    1.11e+00   4.19e-03   1.06e+00  7.29e+06        1    2.14e-01    2.02e+00
   7  1.195234e+05    2.65e-08    1.02e-01   3.48e-04   1.05e+00  2.19e+07        1    2.21e-01    2.24e+00
iter      cost      cost_change  |gradient|   |step|    tr_ratio  tr_radius  ls_iter  iter_time  total_time
   0  1.411673e+05    0.00e+00    1.91e+05   0.00e+00   0.00e+00  1.00e+04        0    1.56e-01    7.80e-01
   1  1.397491e+05    1.42e+03    3.61e+04   4.01e+00   1.00e+00  3.00e+04        1    3.64e-01    1.14e+00
   2  1.397273e+05    2.18e+01    8.12e+04   4.63e+00   1.01e+00  9.00e+04        1    2.45e-01    1.39e+00
   3  1.397103e+05    1.70e+01    1.25e+05   6.41e+00   1.01e+00  2.70e+05        1    2.49e-01    1.64e+00
   4  1.397057e+05    4.56e+00    5.19e+04   4.28e+00   1.02e+00  8.10e+05        1    2.38e-01    1.88e+00
   5  1.397054e+05    3.08e-01    4.47e+03   1.21e+00   1.04e+00  2.43e+06        1    2.21e-01    2.10e+00
   6  1.397054e+05    4.96e-03    1.21e+02   1.57e-01   1.06e+00  7.29e+06        1    2.40e-01    2.34e+00
   7  1.397054e+05    3.80e-05    4.53e+00   1.28e-02   1.07e+00  2.19e+07        1    2.22e-01    2.56e+00
   8  1.397054e+05    2.31e-07    3.11e-01   9.22e-04   1.07e+00  6.56e+07        1    2.27e-01    2.79e+00
iter      cost      cost_change  |gradient|   |step|    tr_ratio  tr_radius  ls_iter  iter_time  total_time
   0  1.399779e+05    0.00e+00    1.72e+04   0.00e+00   0.00e+00  1.00e+04        0    1.61e-01    7.33e-01
   1  1.396114e+05    3.67e+02    2.41e+03   1.20e+00   1.00e+00  3.00e+04        1    4.72e-01    1.20e+00
   2  1.396109e+05    4.90e-01    1.68e+03   4.89e-01   1.01e+00  9.00e+04        1    3.14e-01    1.52e+00
   3  1.396107e+05    1.88e-01    1.65e+03   5.26e-01   1.03e+00  2.70e+05        1    2.88e-01    1.81e+00
   4  1.396106e+05    3.96e-02    5.96e+02   3.55e-01   1.04e+00  8.10e+05        1    2.95e-01    2.10e+00
   5  1.396106e+05    2.49e-03    6.62e+01   1.04e-01   1.05e+00  2.43e+06        1    2.78e-01    2.38e+00
   6  1.396106e+05    4.29e-05    4.72e+00   1.37e-02   1.06e+00  7.29e+06        1    3.04e-01    2.68e+00
   7  1.396106e+05    3.41e-07    3.78e-01   1.13e-03   1.07e+00  2.19e+07        1    2.86e-01    2.97e+00
iter      cost      cost_change  |gradient|   |step|    tr_ratio  tr_radius  ls_iter  iter_time  total_time
   0  1.396620e+05    0.00e+00    9.22e+03   0.00e+00   0.00e+00  1.00e+04        0    1.48e-01    6.26e-01
   1  1.395682e+05    9.38e+01    1.45e+02   6.34e-01   1.00e+00  3.00e+04        1    3.57e-01    9.83e-01
   2  1.395681e+05    3.38e-02    5.88e+01   1.19e-01   1.01e+00  9.00e+04        1    2.22e-01    1.20e+00
   3  1.395681e+05    3.80e-03    2.68e+01   5.86e-02   1.02e+00  2.70e+05        1    2.16e-01    1.42e+00
   4  1.395681e+05    1.94e-04    8.02e+00   1.58e-02   1.04e+00  8.10e+05        1    2.19e-01    1.64e+00
   5  1.395681e+05    5.52e-06    1.49e+00   4.14e-03   1.06e+00  2.43e+06        1    2.33e-01    1.87e+00
   6  1.395681e+05    9.17e-08    1.90e-01   6.05e-04   1.07e+00  7.29e+06        1    2.52e-01    2.12e+00
iter      cost      cost_change  |gradient|   |step|    tr_ratio  tr_radius  ls_iter  iter_time  total_time
   0  1.464043e+05    0.00e+00    6.19e+04   0.00e+00   0.00e+00  1.00e+04        0    1.82e-01    7.86e-01
   1  1.458495e+05    5.55e+02    2.18e+02   1.71e+00   1.00e+00  3.00e+04        1    4.63e-01    1.25e+00
   2  1.458492e+05    3.58e-01    1.15e+02   6.09e-01   1.00e+00  9.00e+04        1    3.47e-01    1.60e+00
   3  1.458490e+05    2.01e-01    7.87e+02   6.82e-01   1.01e+00  2.70e+05        1    2.56e-01    1.85e+00
   4  1.458489e+05    4.72e-02    3.58e+02   4.15e-01   1.03e+00  8.10e+05        1    2.84e-01    2.14e+00
   5  1.458489e+05    2.71e-03    8.30e+00   1.10e-01   1.04e+00  2.43e+06        1    2.58e-01    2.40e+00
   6  1.458489e+05    4.12e-05    3.26e+00   1.34e-02   1.06e+00  7.29e+06        1    2.52e-01    2.65e+00
   7  1.458489e+05    2.95e-07    3.42e-01   1.02e-03   1.07e+00  2.19e+07        1    2.88e-01    2.94e+00
iter      cost      cost_change  |gradient|   |step|    tr_ratio  tr_radius  ls_iter  iter_time  total_time
   0  1.459690e+05    0.00e+00    9.25e+03   0.00e+00   0.00e+00  1.00e+04        0    1.43e-01    6.53e-01
   1  1.458728e+05    9.62e+01    1.80e+02   5.75e-01   1.00e+00  3.00e+04        1    3.70e-01    1.02e+00
   2  1.458728e+05    2.14e-02    1.17e+01   1.34e-01   1.00e+00  9.00e+04        1    2.63e-01    1.29e+00
   3  1.458728e+05    6.63e-03    3.60e+00   1.23e-01   1.01e+00  2.70e+05        1    2.39e-01    1.53e+00
   4  1.458728e+05    1.35e-03    4.05e+00   6.98e-02   1.02e+00  8.10e+05        1    2.40e-01    1.77e+00
   5  1.458728e+05    7.42e-05    3.61e+00   1.80e-02   1.04e+00  2.43e+06        1    2.64e-01    2.03e+00
   6  1.458728e+05    1.11e-06    6.20e-01   2.17e-03   1.05e+00  7.29e+06        1    2.40e-01    2.27e+00
